%YAML:1.0
---
calibration_time: "Fr 10 Mai 2019 11:47:46 CEST"
image_width: 1280
image_height: 720
board_width: 6
board_height: 10
square_size: 1.
flags: 0
camera_matrix: !!opencv-matrix
   rows: 3
   cols: 3
   dt: d
   data: [ 5.6729034524746328e+02, 0., 6.3764777940570559e+02, 0.,
       5.7207768469558505e+02, 3.3299427011674493e+02, 0., 0., 1. ]
distortion_coefficients: !!opencv-matrix
   rows: 5
   cols: 1
   dt: d
   data: [ -2.4637408439446815e-01, 7.6662428015464898e-02,
       -2.7014001885212116e-05, -3.1925229062179259e-04,
       -1.2400436109816003e-02 ]
avg_reprojection_error: 2.6167288236803721e-01
